speed height steplength age gender
50 175 0.5273107933 27 Male
60 175 0.5928 27 Male
70 175 0.61277 27 Male
80 175 0.6519 27 Male
90 175 0.74458 27 Male
100 175 0.77122 27 Male
110 175 0.79275 27 Male
120 175 0.7902 27 Male
130 175 0.88711 27 Male
140 175 0.9316770186 27 Male
150 175 1.103448276 27 Male
50 175 0.6292688682 27 Male
90 175 0.6809756679 27 Male
90 175 0.6837764632 27 Male
100 175 0.7374382011 27 Male
110 175 0.7622604835 27 Male
120 175 0.8008970046 27 Male
130 175 0.796349798 27 Male
140 175 0.8174943797 27 Male
150 175 1.0311404413 27 Male
160 175 1.0394218043 27 Male
